name	short	t0set	num	nMapped	nPastEnd	nGenic	nUsed	gMed	gMedt0	gMean	cor12	mad12	mad12c	mad12c_t0	opcor	adjcor	gccor	maxFit	u
setATCH249	Time0	1/26/21 PcWPP14	1	1344241	18854	784765	719972	144	136	198.558190843905	-0.0161855624742805	0.241866277952685	0.80514037690476	0.830074998557688	0.0234097643737488	-0.00419842857244356	0.00422469548156504	1.66562937953322	FALSE
setATCH250	Time0	1/26/21 PcWPP14	2	1260006	17321	736036	675271	136	144	186.23028130171	-0.0161855624742805	0.241866277952685	0.830074998557688	0.80514037690476	0.0234097643737488	-0.00419842857244356	-0.00422469548156505	1.28064497268809	FALSE
setATCH251	LB	1/26/21 PcWPP14	3	1077863	16595	628742	529921	107	280	146.144787644788	-0.000447790578200399	0.274990225762754	0.855330877376863	0.812914447399504	-0.0142715542731136	0.0350441325008772	0.0304082717490692	0.934195695976022	FALSE
setATCH252	LB	1/26/21 PcWPP14	4	1370236	21049	799975	673482	136	280	185.736900165472	0.0296088643874838	0.244457856435922	0.853879823277511	0.812914447399504	-0.00640650228422671	0.0203579289047323	0.0435444176959822	0.90796262901733	FALSE
setATCH253	LB	1/26/21 PcWPP14	5	994874	15731	580602	487104	98	280	134.336458907887	0.0296832080187874	0.272276745025465	0.874469117916141	0.812914447399504	0.0359920112363678	0.000953189563499135	0.0213002135130567	1.2025350500452	FALSE
setATCH254	LB	1/26/21 PcWPP14	6	1007827	15990	587807	493700	100	280	136.1555432984	0.0161800779750084	0.262578824608698	0.849050738035946	0.812914447399504	-0.0430231615187041	-0.042688549433014	0.0209530159346222	1.10491667722125	FALSE
setATCH255	LB	1/26/21 PcWPP14	7	948697	15122	553406	464152	93	280	128.006618863762	0.0264954868533554	0.271241694802712	0.868325965357201	0.812914447399504	0.0219361900325844	0.011917255961558	0.0385785827624866	1.03113992338955	FALSE
setATCH256	LB	1/26/21 PcWPP14	8	1249900	20064	728404	614564	124	280	169.488141202427	0.0183794782590374	0.253717254186642	0.87833079930031	0.812914447399504	0.00943484398392096	0.082803455854503	0.0175118134717796	1.06526021550768	FALSE
setATCH257	PDB	1/26/21 PcWPP14	9	1453467	20333	848194	717318	143	280	197.826254826255	0.0327369010055784	0.286914321530867	0.862496476250065	0.812914447399504	0.0923470129531747	0.0252538583999172	0.057527425172019	1.49749470843771	FALSE
setATCH258	PDB	1/26/21 PcWPP14	10	1418101	19816	827974	701481	139	280	193.458632101489	0.0339563445783068	0.296662763170517	0.884876297666995	0.812914447399504	0.0778196956210643	0.00443039478801603	0.0506800717812629	1.16248852541778	FALSE
setATCH259	PDB	1/26/21 PcWPP14	11	1394343	19572	814772	687834	135	280	189.694980694981	0.0388666229508502	0.289135433430594	0.874469117916141	0.812914447399504	0.018520721451324	-0.0506347680664882	0.0678046416394437	1.56387479100251	FALSE
setATCH260	PDB	1/26/21 PcWPP14	12	1081616	15126	629890	533544	106	280	147.143960286817	0.0413797372988708	0.320128365541433	0.879145605125615	0.812914447399504	0.00791192741306869	0.0495360997684218	0.0559706585297675	1.88790515272651	FALSE
setATCH261	PDB	1/26/21 PcWPP14	13	1222844	16923	713339	604548	120	280	166.725868725869	0.0548948115200932	0.296362830729137	0.877918477996166	0.812914447399504	0.0351715729826865	-0.092739014569835	0.0535653408453443	1.27686718585329	FALSE
setATCH262	PDB	1/26/21 PcWPP14	14	1539767	21748	897922	759910	151	280	209.572531715389	0.027737927924704	0.285041291820833	0.869820893771987	0.812914447399504	0.0691943801019973	-0.0504468746381308	0.0257408592722987	1.39901753960684	FALSE
setATCH263	M9	1/26/21 PcWPP14	15	1328109	21382	756428	635438	123	280	175.244897959184	0.0409467769196027	0.259187117119628	0.860949073038632	0.812914447399504	0.125242217022647	-0.0199105589419097	0.00656384080468172	1.3527441157374	FALSE
setATCH264	M9	1/26/21 PcWPP14	16	1421747	22290	808497	682073	130	280	188.106177606178	0.117147470966844	0.246215213537784	0.870536429312893	0.812914447399504	0.0978995860689961	0.0138352585471509	0.00916289986431915	1.19907105705528	TRUE
setATCH265	M9	1/26/21 PcWPP14	17	1342251	23175	779346	657028	133	280	181.199117484832	0.0313494549951286	0.255875957871452	0.862496476250065	0.812914447399504	0.119829502942554	0.0195782489741177	-0.0123309897250071	1.04008870912117	FALSE
setATCH266	M9	1/26/21 PcWPP14	18	1198802	20577	697796	585737	118	280	161.53805846663	0.0437917258772961	0.257659461516422	0.865660601984818	0.812914447399504	0.0914032533217356	-0.0176612928777195	-0.0308756309611105	1.24102850711108	FALSE
setATCH267	M9	1/26/21 PcWPP14	19	1300396	21512	749130	631103	125.5	280	174.049365692223	0.0410340095652137	0.252191710129067	0.874469117916141	0.812914447399504	0.0457316300241627	-0.0138555824274347	-0.0245139607582131	1.02950677969904	FALSE
setATCH268	M9	1/26/21 PcWPP14	20	1342262	21992	771003	651009	126	280	179.53916161059	0.0581305341380479	0.255983832818369	0.867496755209824	0.812914447399504	0.0619743490213868	-0.0328144616590305	-0.0213834171070778	1.01118598077741	FALSE
setATCH269	Atlantic	1/26/21 PcWPP14	21	985843	16385	573931	491160	61	280	135.455046883618	0.0322444409536991	0.683391444546201	1.54748779530249	0.812914447399504	0.0462378783406706	0.00162071864936425	-0.0151166217026486	5.72198961847573	FALSE
setATCH270	Atlantic	1/26/21 PcWPP14	22	672163	13905	396098	338457	56	280	93.3416988416988	0.0388952623039484	0.446024926702547	1	0.812914447399504	0.0464470126578685	-0.00936642980655574	-0.0253825230659037	4.07327542297664	FALSE
setATCH271	Atlantic	1/26/21 PcWPP14	23	1038333	19744	594609	507326	70	280	139.913403199117	0.011273412774356	0.508057245673248	1.16992500144231	0.812914447399504	0.0233004068778161	-0.0191975035452441	0.00670561035486435	4.49660598374752	FALSE
setATCH272	Atlantic	1/26/21 PcWPP14	24	987740	20652	574054	491809	73	280	135.634031991175	0.0190721960961422	0.536767223987441	1.2523590828895	0.812914447399504	0.0146259137997117	-0.00912352716240714	0.0119602133583362	3.21022993240697	FALSE
setATCH273	Atlantic	1/26/21 PcWPP14	25	1234241	28224	704438	597245	108	280	164.711803640375	0.0023276814695119	0.439098766201135	1.0485843295035	0.812914447399504	0.0184408976693286	0.0416536293302898	-0.010612629399526	3.19557180172656	FALSE
setATCH274	Atlantic	1/26/21 PcWPP14	26	1359384	25570	724657	629458	89	280	173.595697738555	0.0681462222756666	0.456465898696661	1.0703893278914	0.812914447399504	0.0776010279605471	-0.0401290819259419	0.00658060462530198	2.22696983042558	FALSE
setATCH275	Norland	1/26/21 PcWPP14	27	1279459	19090	730901	634534	84	280	174.995587424159	0.0470961919041713	0.413436757649196	1.05123250229479	0.812914447399504	0.0620076927298297	-0.00845548696842932	0.0109630250965442	2.80525806270694	FALSE
setATCH276	Norland	1/26/21 PcWPP14	28	342091	7041	194624	164330	26	280	45.3199117484832	0.0128581966783636	0.473024818722023	1.01792190799726	0.812914447399504	0.0238663713702002	0.0525133105325526	-0.00356046198498941	4.42112107802894	FALSE
setATCH277	Norland	1/26/21 PcWPP14	29	649731	15515	377889	323573	57	280	89.2369001654716	0.0328788643320566	0.485030952272375	1.02856915219677	0.812914447399504	-0.00450805138023636	0.0183138268758327	0.0136942000118718	3.72561645997982	FALSE
setATCH278	Norland	1/26/21 PcWPP14	30	907720	16050	520869	447340	76	280	123.370104798676	0.0216926556253482	0.419576021569901	1	0.812914447399504	0.0426083337909214	-0.0142259695750045	-0.0103132288556357	3.91174415419117	FALSE
setATCH279	Norland	1/26/21 PcWPP14	31	588496	10726	340243	286979	50	280	79.1447876447876	0.0297438105890972	0.480425479592821	1	0.812914447399504	0.0755177956851323	0.000403183321606614	0.0004899551085827	3.08951848486126	FALSE
setATCH280	Norland	1/26/21 PcWPP14	32	891763	14286	522991	440625	72	280	121.518201875345	0.0142534250680313	0.487104047516465	1.07800251200127	0.812914447399504	0.0219348846213178	0.00401744114898394	0.00107980538633187	2.78924602760553	FALSE
setATCH281	Upstate	1/26/21 PcWPP14	33	1277096	18969	743130	632356	113	280	174.394925537783	0.011845990617403	0.534808111675442	1.10990370446246	0.812914447399504	0.064392493910287	-0.0662616818343681	0.0235904045366172	2.43294870210212	FALSE
setATCH282	Upstate	1/26/21 PcWPP14	34	1230869	18508	715767	608215	110	280	167.737175951462	-0.0155159253999856	0.542800019389435	1.14097463300845	0.812914447399504	0.0543761555509858	-0.090864328494811	0.0123738182289835	2.52722129688777	FALSE
setATCH283	Upstate	1/26/21 PcWPP14	35	1386140	19360	797891	692419	79.5	280	190.959459459459	0.0460324558942443	0.626867144064604	1.5405683813627	0.812914447399504	0.0021847286420674	0.0212273802130111	0.0381163672139931	3.88019536022353	FALSE
setATCH284	Upstate	1/26/21 PcWPP14	36	1125570	17454	646145	546583	100	280	150.739933811362	-0.0105541403642236	0.499799874781548	1.11547721741994	0.812914447399504	0.00774992616374115	0.00251872679474845	0.0359282804042543	2.35524226329671	FALSE
setATCH285	Upstate	1/26/21 PcWPP14	37	816428	14229	476650	405599	66	280	111.858521787093	-0.00520478628105906	0.516193699165933	1.13184741465095	0.812914447399504	0.0368985807481438	-0.0301877258721294	-0.0226396731460501	3.19806993300294	FALSE
setATCH286	Upstate	1/26/21 PcWPP14	38	1086085	18551	635131	535224	80	280	147.607280750138	0.0517614491691897	0.481651257936843	1.12150296266999	0.812914447399504	0.038742536745084	4.81313176832992e-05	-0.0350149177391665	4.57916078303121	FALSE
